# NUM_VIDEOS {
#   nrow=N;
#   ncol=M;
#   [ROW_NUM,COL_NUM,ROWS_SPAN,COLS_SPAN]  --> 1 for each video
# }

SIMPLE_1 {
    nrow=1;
    ncol=1;
    [0,0,1,1]
}

SIMPLE_2 {
    nrow=1;
    ncol=2;
    [0,0,1,1]
    [0,1,1,1]
}

SIMPLE_4 {
    nrow=2;
    ncol=2;
    [0,0,1,1]
    [0,1,1,1]
    [1,0,1,1]
    [1,1,1,1]
}

SIMPLE_6 {
    nrow=2;
    ncol=3;
    [0,0,1,1]
    [0,1,1,1]
    [0,2,1,1]
    [1,0,1,1]
    [1,1,1,1]
    [1,2,1,1]
}

SIMPLE_8 {
    nrow=2;
    ncol=4;
    [0,0,1,1]
    [0,1,1,1]
    [0,2,1,1]
    [0,3,1,1]
    [1,0,1,1]
    [1,1,1,1]
    [1,2,1,1]
    [1,3,1,1]
}

BIG_CENTRAL_1 {
    nrow=2;
    ncol=4;
    [0,0,1,1]
    [0,1,2,2]
    [0,3,1,1]
    [1,0,1,1]
    [1,3,1,1]
}

BIG_CENTRAL_2 {
    nrow=2;
    ncol=4;
    [0,0,1,1]
    [0,1,2,2]
    [0,3,1,1]
    [1,0,1,1]
    [1,3,1,1]
}

BIG_CENTRAL_3 {
    nrow=6;
    ncol=16;
    [0,0,2,3]
    [0,3,3,5]
    [0,8,3,5]
    [0,13,2,3]
    [2,0,2,3]
    [2,13,2,3]
    [3,3,3,5]
    [3,8,3,5]
    [4,0,2,3]
    [4,13,2,3]
}


